0000000000000000000000000
0111111111111111111111100
0100000000010000000000100
0101111011110111111100100
0101001000000100000100100
0101011110111110111100100
0101010000100010100000100
0101010111101110111111100
0101010100001000000000100
0101110111111111111100100
0100000100000000000100100
0111110101111111110100100
0000010101000000010100100
0111110101110111010100100
0100000100000100010100100
0101111111101111010100100
0101000000100001010100100
0101011111111101010100100
0101010000000101010100100
0101010111110101010100100
0101010100010101000100100
0101110101110101111100100
0100000100000100000000100
0111111111311111111111120
0000000000000000000000000