0000000000000000000000000200000000000000000000002000000000000000000000000000000000000000000000000000
0101001101011010111110111111110111111000111111101101010111110011110111110110111011011011010111011100
0100111110010111111111011111111111111110001011111011111110101111101101110111111110101100011111111110
0101110111111101110001011100000101111011011101111010011101111100011001111111110100111110110011010110
0111110011101100101011010111111110010011111100111111011000001111011111011101011111111101111001000000
0111101110010011001110111011101111111101010011111101111111100110101111111111110111111110111111111100
0111101111011111011111110011111111111011100101010111101101010101011111011110011111111111001011100100
0111110111111110011011001011011100011111110111010111100101011110011100110110110110111111011011111110
0111111110110110101111011111100111101111110110111111111111101110111010110001011111110011111101011110
0111001101010111011111111101111100111111111111111111111111111111100110110010111111110110111011110010
0111110101110111111011111101101011000110111101111101011010111111110101001010111111001101110110111010
0111111100100111100011111110110011111111101111110011110111111111011111111111001011111111111111111100
0110111110110111111011101011110111111110110111010001111111111111111011100011111101111111111110101010
0111101111111101000111111011111110111111111110111111111011011111111100111110110011011111011110101110
0111111010011010110011111111111110101000111111101101111111110101111111111011111011111110001011011110
0011101001110111111111111110111101111111111111111101100101111111111101011111111111111011011011111110
0011111100111001011111110110011111110111111111111110101110111100111110111111101101110111111011111010
0001111111011111111111111111111111111111111000001101101011111111110111111100100111101111110111111110
0101111101101110101101111101101110110110011111011111111011101111010111110111101011011101111110111100
0011111001111101101111011011110011111111101111111110001101111111000110111110011111011111111011100000
0110111111011111101111111101001011110111111111111011010111011111101111111111001111111111101110111010
0011011011011111101111011111010011111010100101101010001011111111110111111101111011010101111111010010
0111011111110110011111010111111100111101111111101110111011101000111111111011111111111111101111111100
0011110100001111101111001111111100010111100011011111011100111111110111101111011111110111111111111100
0111011110111110111001111111110010111110111101111111111101110101101110001101111101101100111111111000
0100101111011011111011110011111110010100101111110110010111111110111001111111000011110010111111111100
0011011101110010101100110111110101111111101111111100110011111010101011001101101100110111100010101010
0011111111111111011110101101101111101011001101101011101011110111001010101101111101100110100101011100
0111111111011111111011110100110111001110101001111011111111111111101111001001101110111011110111010110
0111111101011011011111100111101100111011111111101111111100111111110111101011111111010101111010101110
0111100010010011110111110010111110100011101111010101010101010101011101110101000110111101111010111110
0111011111011111111110110111010011111111001011011110111010010111010111111111111111111111101111111110
0010101110100110101110101111010011111001011110111111111110110101111111000101001111011011101001011110
0111100101101110111111011111110101111101110001111111110000011101110111111111011110111110101111010000
0100101100101010000011111101110111011111001111011010111111101101101111111111111101011101011111111110
0111011011111011111100111111110110010101010011110101001110011111111110101110110000111111111111111102
0111000111111101111011111111111101111101111010111100010111111111111011110010111101101101111110011010
0011011111111110111110111010111101011111111111111111110110110101011111000110111111011111101111111100
0110110011101011011010101001101101111111111100010110000101111111011001111001111011101011110101101100
0011111110100110110111101001111111101111011011011110101100001111100011010111111111001111101111110100
0111001101101011111101111111110010111100101100011011111111111111110011011111011111111011100111110110
0101001101110111111011111111111011111111001001111110110111101011010001111011111111101111100101110110
0111111111010001111111001111011111111001101101011000001010111111111011011011111101111111111111111000
0111101111111001111110111011011111111111010111011111111111111111101101011100100110111110100111101100
0110111010011111110111101011000111010111101011111111010111111010111011011101111111101111110111011110
0111101101100000111011111010111100010110111001101001100111001111100101011111111011101110011111110100
0011111010111111111111101011011111101011000111110011111111111001011010111101011110111001010100111110
0011011011111111101111011111001111101100010110111111101111100110100111011101101011111011110110111110
0011011101101101111100111111111111101100101011111000101110111011111111001111111111011111100011111000
0111111101111011110111111101101010111100011101311111110001101111011111100111101110110110111011011110
0011111111011011101010111111011000111111011000110110110101111111010011011111001111010011100111011110
0111011011111100111011011110001111010111111111101110111111111011010101110100111111111101010111100110
0111111111110101111111111101111100111001110110110111111100110100011111001010111010111111101111111110
0111110111111010101000110101011100111011110111111111111111111111100101011101111011111101111011011010
0111011001010101111111011111111100011110111000100111010101011010010111101011111101110110111101111110
0100111111010011111100100111110111110110110110111111111011111111111010011111101100010011011011111110
0101111111111111011111111010111110011110111110111111010101111111000111101101110101011101111111110100
0001111111001111110001101001101111111001111111001101111111111101111111111111111101001011011011111110
0110011100011111011110101111110011111111100111001111100001111100111011111011011011010101111111010110
0010011110110010101111011011011110111101011111011111110011110111111101101011011111111111101110101010
0111111101111110001101000101111111010101110011101000101101100011111110101011111110111111111111111110
0111111001011111111100011111110011101111011110101101111101011111101101111100010011111110101111111110
0111111110111110011011110011101111111111110111101111110111111111110111111111001111001011111011101100
0111011111110011011110010001110111011111001111011001100101110111011011111111111110111111111111011110
0111101111111111000110100111110000011101101011011111101110001111101111111010111111011000111101001110
0111100010111101101111011111100110011011111101111111111110001100110101001111111111111100011111011010
0110110111110100011101101011010111101011111111110110111111101111011011011110111111111011110011111110
0110010001011110110111011101111111101101111111101111100110111110111111110111011111010011011010111110
0010010111010110101111111111100101111001010001110101110111100111101010111111011100010010010110001110
0010111011011111111111111110111111101111111111111011101101111101110011111111101111111001110111100110
0101111101111011010111111001111010101111100001111111001110011111011111110110101011111111010110111110
0101110101111111011101101111011101110111111100101111011010111111011110110111000110110011111111110110
0001011110101101011111010101110011111111111111110111001110101111101101111110010101111110111001011110
0100111111100111111111111111101110111011111011011100111111110111110101011100010101101011001110110010
0110110111111000111110101111110111101011111111010111111110110111110111110010100111101110101111111010
0100110111111111111110111111010100000110111110100110011111011100100111111011111011111111110010111110
0101101111111111110100010001101101110111111111010101111111100111111111111111110111111000111111111110
0001111110110111100111101111110101000010111111111101111111101111001100111110111111011111111111110110
0110111111110010101111101111001101111111101011111101110101110111001011101101111100011100101101111000
0100011111111000111101111111101011101111011100110101011101011101111111110111011011111111110101011010
0011011111101110111110111111101111111110111110011111111111000111011010111110111111011111111111010100
0111111111101011111010011011011011011010111100111111110111110011111100011101111111111111101110111100
0111111111111111010110111011111110011101010100101110001111001101111011101100010111111111111101001110
0110011111011101110011111010011011000001111101111101110111011110111010011011111010011111111111111110
0011011111111111111111011110001011110111111111011111101101111011110111001011011110111001111010111100
0011011101011011001110111011001100011111011101101110100111111100111111111100011100111111011101011100
0111110111101111111111110000011110101110111010100111101111001110001000011101011111111111111010111110
0011001111111101111111001011010100110101010010111011111011111101111110011110011011111111111100011110
0110011011101111101111111110111111100111011111111111111010010011011111110110001011001111010111110010
0010111111111111101110011011110101001111001111111011111111111110111111111111111111101101001101110110
0111111100110101110100110011111110110011011101111001010011111111010111011101111111110110101111101010
0110101011111100000111011111110111011101101111111110111001010011010110010001000110110000111010111110
0011101111111011001110111111101011111111100011101101101111110111110011100101110010111111111111111110
0111111001101011111111101111100110111010010011111110011111111111101011111111111110101111110110111010
0011100110111111011111111111011111111100110111111010010101111110111011101111001111111101111011010110
0011111111111111001111001111111101100111111111111111110101111111111011111111101101111101111011111110
0111110111011101101101111110101101111011011111111011111001111111111111111110111101111100111110111110
0001011000101011111111100110011111100111111111011011111101011110111111111110111011111101111111101100
0111100110111000101101110110111110111101111111010011111111111011111111111111110111011111110110101010
0000000000000000000000000000000000000000000000000000000000000000000000000000000000000000000000000000